# humanstxt.org/

# TEAM

    Andrés Guzmán Muro -- Experience Developer -- @adsmuro

# THANKS

    <name>

# TECHNOLOGY COLOPHON

    HTML5, CSS3
    Normalize.css, jQuery, Modernizr


11111111111111111111111111111111111111111111111111111111111111111111111111
11111111111111111111111111111111111111111111111111111111111111111111111111
11111111111111111111111111111111111111111111111111111111111111111111111111
11111111111111111111111111111111111111111111111111111111111111111111111111
11111111111111111111111111111111111111111111111111111111111111111111111111
11111111111111111111111111111111111111111111111111111111111111111111111111
11111111111111111111111111111111111111111111111111111111111111111111111111
11111111111111111111111111111111111111111111111111111111111111111111111111
11111111111111111111111111111111111111111111111111111111111111111111111111
11111111          111111111111111111111111111   1     11111111111111111111
11111111            1111111111111111111111111   1     11111111111111111111
11111111             111111111111111111111111   1     11111111111111111111
1111111111    111     11      111    11   11    111   111     111111111111
1111111111    111     1        11    1     1    111   11       11111111111
1111111111    1111    1   11   11          1    111   1    1    1111111111
1111111111    1111        11   111    11   11   111   1    11   1111111111
1111111111    1111    11       111    11   11   111   1    11   1111111111
1111111111    111     1    1   111    11   11   111   1    11   1111111111
11111111                  11   1 1    11   11   111   1    11   1111111111
11111111             1    1    1      1                    1    1111111111
11111111            11                1                1       11111111111
11111111          11111    11   1     1                11     111111111111
11111111111111111111111111111111111111111111111111111111111111111111111111
11111111000000000000011000001111111111111111111111100000111111111111111111
11111111000000000000001000001111111111111111111111100000111111111111111111
11111111000000000000000000001111110011111111110111100000111111111111111111
11111111110000011000000100001110000000111110000000110000100000011111111111
11111111110000011100001100001100000000011100000000010000100000011111111111
11111111110000000000011100001100001000011100000000010000100000011111111111
11111111110000000000011100001100011000011000011000010000100011111111111111
11111111110000011000001100001110000000011000011111110000000001111111111111
11111111110000011100000100001100001000011000011100010000000000111111111111
11111111000000000000000100001000001000010000001100010000110000011111111111
11111111000000000000000000000000000000000000000000000000000000001111111111
11111111000000000000001000000000000000000100000000100000000000001111111111
11111111000000000000111000000100001110001111000001100000010000001111111111
11111111111111111111111111111111111111111111111111111111111111111111111111
11111111111111111111111111111111111111111111111111111111111111111111111111
11111111111111111111111111111111111111111111111111111111111111111111111111
11111111111111111111111111111111111111111111111111111111111111111111111111
11111111111111111111111111111111111111111111111111111111111111111111111111
11111111111111111111111111111111111111111111111111111111111111111111111111
11111111111111111111111111111111111111111111111111111111111111111111111111
11111111111111111111111111111111111111111111111111111111111111111111111111
                                                                          
